mv_sln: [0.24724945, 0.32086417, 0.36227245, 0.39087818, 0.41308262, 0.43168634, 0.44788958, 0.46269254, 0.47629526, 0.48929786]
veto_sln: [0.00180036, 0.00380076, 0.0060012 , 0.00840168, 0.01120224, 0.01440288, 0.01820364, 0.02240448, 0.02720544, 0.0330066 ]
seq_sln: [0.00180036, 0.00380076, 0.00620124, 0.00880176, 0.01180236, 0.01540308, 0.01960392, 0.02460492, 0.03040608, 0.03780756]

mv_ccn: [0.24724945, 0.32086417, 0.36227245, 0.39087818, 0.41308262, 0.43168634, 0.44788958, 0.46269254, 0.47629526, 0.48929786]
veto_ccn: [0.00180036, 0.00380076, 0.0060012 , 0.00840168, 0.01120224, 0.01440288, 0.01820364, 0.02240448, 0.02720544, 0.0330066 ]
seq_ccn: [0.00180036, 0.00380076, 0.00620124, 0.00880176, 0.01180236, 0.01540308, 0.01960392, 0.02460492, 0.03040608, 0.03780756]