mv_sln: [0.05481096, 0.10622124, 0.15423085, 0.19983997, 0.24324865, 0.28505701, 0.32526505, 0.36467293, 0.4034807 , 0.44188838]

veto_sln: [0.01920384, 0.04020804, 0.06321264, 0.0880176 , 0.115023  , 0.14422885, 0.17603521, 0.21064213, 0.24824965, 0.28925785]

seq_sln: [0.01940388, 0.0410082 , 0.06481296, 0.09121824, 0.12022404, 0.15223045, 0.18783757, 0.22704541, 0.27065413, 0.31926385]

mv_ccn: [0.05481096, 0.10622124, 0.15423085, 0.19983997, 0.24324865, 0.28505701, 0.32526505, 0.36467293, 0.4034807 , 0.44188838]

veto_ccn: [0.01920384, 0.04020804, 0.06321264, 0.0880176 , 0.115023  , 0.14422885, 0.17603521, 0.21064213, 0.24824965, 0.28925785]

seq_ccn: [0.01940388, 0.0410082 , 0.06481296, 0.09121824, 0.12022404, 0.15223045, 0.18783757, 0.22704541, 0.27065413, 0.31926385]