mv_sln: [0.07121424, 0.12862573, 0.17803561, 0.22224445, 0.26265253,0.30046009, 0.33626725, 0.37087417, 0.4044809 , 0.43768754]

veto_sln: [0.01360272, 0.02840568, 0.04460892, 0.0620124 , 0.08081616, 0.10122024, 0.12342468, 0.14742949, 0.17383477, 0.20284057]

seq_sln: [0.01360272, 0.02880576, 0.04540908, 0.06381276, 0.08381676, 0.10582116, 0.13002601, 0.15703141, 0.18723745, 0.22144429]

mv_ccn: [0.07121424, 0.12862573, 0.17803561, 0.22224445, 0.26265253,0.30046009, 0.33626725, 0.37087417, 0.4044809 , 0.43768754]

veto_ccn: [0.01360272, 0.02840568, 0.04460892, 0.0620124 , 0.08081616, 0.10122024, 0.12342468, 0.14742949, 0.17383477, 0.20284057]

seq_ccn: [0.01360272, 0.02840568, 0.04460892, 0.0620124 , 0.0810162 , 0.10142028, 0.12362472, 0.14782957, 0.17443489, 0.20384077]
